# oST version 5.0 parameters


[image]

width
640

height
480

[narrow_stereo/left]

camera matrix
643.464029 0.000000 277.227137
0.000000 637.021062 266.638971
0.000000 0.000000 1.000000

distortion
-0.435733 0.172700 -0.001639 0.002873 0.000000

rectification
0.998833 0.025274 0.041148
-0.025388 0.999675 0.002261
-0.041078 -0.003303 0.999150

projection
605.558403 0.000000 257.519241 0.000000
0.000000 605.558403 265.941545 0.000000
0.000000 0.000000 1.000000 0.000000

# oST version 5.0 parameters


[image]

width
640

height
480

[narrow_stereo/right]

camera matrix
640.915448 0.000000 314.009073
0.000000 634.947092 258.661524
0.000000 0.000000 1.000000

distortion
-0.452834 0.243083 -0.002864 0.003512 0.000000

rectification
0.998109 0.027751 0.054855
-0.027599 0.999613 -0.003542
-0.054932 0.002021 0.998488

projection
605.558403 0.000000 257.519241 -118.493498
0.000000 605.558403 265.941545 0.000000
0.000000 0.000000 1.000000 0.000000

