# oST version 5.0 parameters


[image]

width
640

height
480

[narrow_stereo/left]

camera matrix
817.323965 0.000000 324.462480
0.000000 819.647426 228.506277
0.000000 0.000000 1.000000

distortion
-0.033682 0.127031 0.000698 0.000905 0.000000

rectification
0.999888 0.010881 0.010296
-0.010827 0.999927 -0.005298
-0.010353 0.005186 0.999933

projection
874.477281 0.000000 328.613525 0.000000
0.000000 874.477281 236.448389 0.000000
0.000000 0.000000 1.000000 0.000000

# oST version 5.0 parameters


[image]

width
640

height
480

[narrow_stereo/right]

camera matrix
820.834587 0.000000 339.394064
0.000000 824.685588 244.225665
0.000000 0.000000 1.000000

distortion
0.000187 -0.002771 0.000870 0.000646 0.000000

rectification
0.999773 0.021129 -0.002778
-0.021114 0.999763 0.005272
0.002889 -0.005212 0.999982

projection
874.477281 0.000000 328.613525 408.970072
0.000000 874.477281 236.448389 0.000000
0.000000 0.000000 1.000000 0.000000

