# oST version 5.0 parameters


[image]

width
640

height
480

[narrow_stereo/left]

camera matrix
823.272048 0.000000 326.196115
0.000000 820.749832 231.370681
0.000000 0.000000 1.000000

distortion
-0.016739 0.058200 0.002112 -0.000706 0.000000

rectification
0.999833 0.004785 0.017631
-0.005003 0.999911 0.012368
-0.017571 -0.012454 0.999768

projection
942.811285 0.000000 289.823875 0.000000
0.000000 942.811285 246.544760 0.000000
0.000000 0.000000 1.000000 0.000000

# oST version 5.0 parameters


[image]

width
640

height
480

[narrow_stereo/right]

camera matrix
821.924158 0.000000 307.568818
0.000000 821.242431 259.443293
0.000000 0.000000 1.000000

distortion
-0.021899 0.033379 0.001800 0.003427 0.000000

rectification
0.998755 0.027640 0.041534
-0.027122 0.999548 -0.012979
-0.041874 0.011837 0.999053

projection
942.811285 0.000000 289.823875 -164.743668
0.000000 942.811285 246.544760 0.000000
0.000000 0.000000 1.000000 0.000000

